1.645e-05
2.329e-04
2.922e-03
3.636e-02
4.362e-01
4.950e+00
5.665e+01
1.764e-05
2.308e-04
2.866e-03
3.481e-02
4.328e-01
4.896e+00
5.616e+01
1.740e-05
2.429e-04
3.051e-03
3.633e-02
4.465e-01
4.939e+00
5.724e+01
1.740e-05
2.260e-04
2.988e-03
3.566e-02
4.283e-01
4.971e+00
5.673e+01
1.693e-05
2.263e-04
2.945e-03
3.506e-02
4.209e-01
4.962e+00
5.656e+01
1.669e-05
2.453e-04
2.838e-03
3.624e-02
4.276e-01
4.921e+00
5.624e+01
1.717e-05
2.322e-04
3.011e-03
3.621e-02
4.313e-01
4.981e+00
5.704e+01
1.645e-05
2.308e-04
2.971e-03
3.609e-02
4.354e-01
5.005e+00
1.526e-05
2.060e-04
2.534e-03
3.160e-02
3.871e-01
4.409e+00
5.764e+01
1.740e-05
2.320e-04
2.979e-03
3.635e-02
4.317e-01
4.920e+00
5.111e+01
1.550e-05
2.046e-04
2.617e-03
3.111e-02
3.805e-01
4.352e+00
5.665e+01
1.717e-05
2.332e-04
2.960e-03
3.610e-02
4.353e-01
5.042e+00
5.104e+01
1.407e-05
2.017e-04
2.666e-03
3.129e-02
3.826e-01
4.362e+00
5.634e+01
5.033e+01
1.526e-05
1.986e-04
2.561e-03
3.229e-02
3.730e-01
4.445e+00
5.059e+01
1.454e-05
1.998e-04
2.602e-03
3.176e-02
3.756e-01
4.391e+00
5.160e+01
1.550e-05
2.241e-04
2.556e-03
3.196e-02
3.843e-01
4.424e+00
5.058e+01
1.454e-05
2.031e-04
2.551e-03
3.134e-02
3.780e-01
4.377e+00
5.193e+01
1.454e-05
1.979e-04
2.609e-03
3.119e-02
3.798e-01
4.476e+00
5.131e+01
1.454e-05
1.988e-04
2.532e-03
3.141e-02
3.783e-01
4.336e+00
5.041e+01
