5.157e+01
2.960e+01
1.749e+01
1.025e+01
9.135e+00
9.626e+00
5.131e+01
2.954e+01
1.664e+01
1.043e+01
8.016e+00
8.834e+00
5.093e+01
2.869e+01
1.675e+01
1.102e+01
8.158e+00
8.700e+00
5.063e+01
2.937e+01
1.683e+01
1.121e+01
8.548e+00
8.983e+00
5.087e+01
2.820e+01
1.631e+01
1.127e+01
7.745e+00
8.724e+00
5.182e+01
2.952e+01
1.656e+01
1.039e+01
8.575e+00
8.955e+00
5.139e+01
2.892e+01
1.708e+01
1.160e+01
8.268e+00
1.012e+01
5.059e+01
2.889e+01
1.695e+01
1.126e+01
7.733e+00
9.242e+00
5.190e+01
2.957e+01
1.741e+01
1.013e+01
8.409e+00
9.580e+00
5.174e+01
2.906e+01
1.738e+01
1.052e+01
8.726e+00
9.636e+00
4.524e+00
5.527e+00
6.540e+00
8.902e+00
1.336e+01
2.109e+01
4.491e+00
5.407e+00
6.533e+00
8.321e+00
1.272e+01
2.043e+01
4.570e+00
5.425e+00
6.674e+00
8.743e+00
1.273e+01
2.212e+01
4.546e+00
5.418e+00
6.682e+00
8.666e+00
1.408e+01
2.387e+01
4.426e+00
5.360e+00
6.605e+00
9.065e+00
1.355e+01
2.087e+01
4.446e+00
5.557e+00
6.958e+00
8.462e+00
1.388e+01
2.320e+01
4.524e+00
5.480e+00
6.747e+00
8.386e+00
1.300e+01
2.467e+01
4.490e+00
5.494e+00
6.681e+00
8.929e+00
1.556e+01
2.104e+01
4.536e+00
5.441e+00
6.447e+00
8.835e+00
1.304e+01
1.861e+01
4.497e+00
5.405e+00
7.090e+00
8.747e+00
1.315e+01
2.190e+01
